969 
4 214 969 48 635 665 
10 936 584 708 579 899 806 887 471 699 92 109 973 446 567 285 565 527 955 218 714 204 803 398 903 218 379 238 29 828 550 736 413 255 306 665 202 438 914 768 548 635 898 18 127 26 169 732 142 941 593 121 478 174 312 742 98 154 253 281 
146 
9 545 90 49 881 187 377 579 530 994 285 281 408 318 219 929 306 888 351 765 694 983 10 953 255 14 694 344 350 360 462 557 125 216 987 946 901 417 480 63 939 954 43 925 863 864 50 
9 
9 
6 545 90 376 986 377 625 530 994 281 408 638 318 567 929 306 888 351 765 901 849 983 10 953 255 14 344 350 360 557 125 169 744 987 612 260 417 480 63 939 954 43 925 863 864 
4 107 222 657 377 973 873 839 565 651 828 413 255 846 208 898 169 216 260 
4 
957 377 894 520 247 400 969 841 172 260 266 999 37 955 80 255 795 75 318 169 216 213 416 419 260 59 497 
6 
648 
751 
635 
648 
729 
273 
614 
614 
1 
635 
891 
445 902 520 883 655 255 306 318 169 602 152 253 
892 
893 
894 
895 
894 
897 
481 
897 
900 
901 
902 
903 
904 
905 
905 
907 
265 
911 
910 
46 
936 576 134 5 304 942 147 688 296 869 675 440 162 798 464 346 480 648 201 203 446 747 42 811 864 173 592 59 197 899 574 
912 
913 
913 
915 
704 
917 
917 
55 
919 
922 
924 
926 
926 
609 
609 
609 
609 
66 
928 
67 622 365 676 842 926 926 722 786 605 296 935 477 692 456 198 649 306 814 799 696 938 923 624 317 471 829 29 823 438 860 667 952 144 231 763 474 674 273 477 343 400 447 885 693 499 
67 574 657 622 485 365 676 926 919 810 161 748 866 198 258 814 799 696 938 624 829 29 823 255 667 952 231 763 474 674 169 216 239 343 400 183 447 885 260 492 499 788 566 
929 
228 
729 
731 
78 
78 
932 
932 
729 
731 
729 
728 
730 
730 
729 
730 
730 
379 
934 
938 
938 
331 
331 
729 
729 
246 
535 
731 
943 
731 
944 
947 
947 
135 
958 
954 
956 
326 
681 
681 
109 
186 741 400 480 366 844 279 266 546 140 568 52 732 290 255 306 330 104 887 169 226 668 
110 
109 
109 
962 
963 
964 
977 
965 
965 
967 
968 
969 
971 
973 
974 
975 
352 
936 616 708 823 852 382 637 377 480 880 647 436 861 931 957 966 727 73 937 655 643 534 9 185 110 263 727 617 751 869 992 927 111 557 703 984 
326 
590 
966 
966 
966 
729 
731 
729 
730 
729 
966 
966 
966 
729 
730 
979 
146 376 657 377 672 446 803 255 737 169 85 260 695 696 
635 
3 4 144 823 126 969 48 614 21 724 665 
969 
400 
238 
961 
271 
271 
271 
271 
728 
300 
300 
422 
590 
966 
966 
729 
671 
671 
981 651 652 303 95 347 251 630 639 821 307 639 955 972 763 655 569 178 648 523 175 512 5 732 950 213 168 954 144 10 997 961 332 692 582 792 513 133 697 
450 
180 
861 
861 
63 
189 196 783 644 4 799 811 277 483 940 224 965 34 229 659 794 912 43 798 268 350 180 501 206 154 414 
657 377 244 704 740 23 255 169 239 260 187 
981 630 303 81 89 95 347 251 630 639 821 423 307 639 955 972 375 763 655 178 648 523 175 512 5 950 168 954 166 10 997 961 332 692 582 918 133 
132 
77 
981 628 303 81 89 95 347 251 630 639 821 174 307 639 955 375 655 178 648 176 512 5 950 168 954 159 10 997 961 332 582 517 133 
186 
983 
983 
936 818 848 499 474 604 463 337 683 589 980 859 176 344 
136 219 401 34 906 169 26 758 541 
132 
186 
81 95 821 307 955 375 178 175 512 897 950 168 997 133 697 
95 821 955 375 897 997 
95 897 
187 
185 
184 
762 955 956 573 834 107 626 52 278 965 8 124 636 632 778 122 437 738 126 883 883 455 658 662 865 127 750 263 50 99 255 21 707 838 871 420 169 216 366 854 410 920 668 794 441 912 168 263 503 378 379 207 407 36 616 246 988 118 380 453 
307 363 191 22 12 14 100 208 221 238 567 214 401 974 565 653 109 680 906 258 173 789 80 506 121 72 98 13 831 161 251 571 638 185 26 228 510 116 411 4 372 889 843 72 787 101 766 
176 781 990 47 881 728 424 549 167 
193 
194 
176 
193 
192 
789 
723 
176 
628 
193 
83 
205 
171 255 744 494 
173 
173 
630 
434 
434 
635 
635 
165 
218 
793 84 
165 
165 
651 569 732 954 
651 
165 
652 
95 
169 
434 
434 
981 679 680 303 347 251 630 639 972 763 523 950 954 10 997 961 692 364 792 945 133 697 
981 674 303 81 89 95 347 251 630 639 439 307 375 763 655 178 648 523 175 512 5 950 168 954 167 10 961 332 692 582 940 133 
132 
227 
940 
311 
227 
674 
132 
936 583 136 162 476 507 482 43 503 876 819 391 972 814 466 650 220 296 105 357 521 430 501 59 154 63 
226 
686 
679 364 
679 
226 
680 
434 
434 
966 
395 367 296 341 232 
247 
166 725 233 358 162 577 294 904 907 911 912 913 914 915 916 917 918 919 920 924 930 939 952 964 997 998 999 13 29 98 371 188 298 385 331 247 861 373 276 938 189 268 210 33 665 127 625 703 649 221 653 347 116 194 295 647 237 718 455 874 161 91 92 463 23 496 762 35 795 819 267 498 676 26 30 259 247 174 99 207 133 11 441 799 703 870 852 120 154 263 533 467 679 200 981 951 
248 
911 
911 
247 
324 
316 
376 
256 
324 856 703 728 425 532 920 955 609 662 492 250 176 331 418 256 568 671 413 616 699 162 569 268 124 825 250 772 285 707 667 930 170 794 964 470 574 1 537 604 55 623 754 16 987 284 288 528 651 972 5 579 901 94 639 874 393 36 502 306 507 253 36 849 499 462 123 291 87 749 383 578 36 442 16 395 775 121 254 726 182 559 219 239 613 635 236 237 256 689 914 121 561 280 938 664 636 234 702 625 331 540 699 745 470 358 467 325 876 370 901 881 154 63 299 575 356 676 
981 709 303 347 251 630 639 821 115 307 639 955 972 375 763 655 178 648 523 175 512 5 950 213 168 954 144 10 997 961 332 692 582 126 133 
981 706 303 81 89 95 347 251 630 639 821 107 307 639 955 375 763 655 178 648 523 512 5 950 168 954 148 10 997 961 332 692 582 123 133 
132 
272 745 483 796 665 564 397 458 154 
81 95 821 307 955 375 178 175 512 897 950 168 149 997 133 697 
307 955 375 897 697 
263 
261 
258 
258 
706 
257 
257 
709 
469 
198 
198 
26 
818 
199 
199 
434 
434 
752 
752 
226 
499 
431 
946 
63 
955 
290 
290 922 841 505 981 982 983 984 985 752 303 347 251 630 236 639 825 85 171 821 96 665 929 307 219 639 900 955 677 260 375 260 717 763 654 582 655 741 109 111 332 665 556 571 671 152 178 483 648 357 267 1 951 175 523 94 895 253 744 478 175 440 37 248 970 512 213 214 448 85 5 689 968 524 175 322 173 48 742 950 704 213 968 154 168 954 277 144 163 19 40 422 656 117 491 79 703 387 405 192 560 687 759 250 92 117 795 489 231 641 286 448 10 437 652 739 997 923 961 348 641 790 580 332 660 262 895 692 981 442 582 645 792 63 133 796 235 286 
545 916 823 778 72 108 855 682 863 904 137 747 50 209 807 59 494 339 453 461 670 347 419 277 490 845 884 469 480 616 345 609 676 295 732 874 215 216 217 218 219 220 221 222 223 224 225 226 227 228 229 230 231 232 233 234 235 236 237 238 239 240 241 242 243 244 245 246 247 248 249 250 251 252 253 254 255 256 257 258 259 260 261 262 263 264 265 266 267 268 269 270 271 272 273 274 275 276 277 278 279 280 281 282 283 284 285 286 287 288 290 290 291 292 293 294 295 296 297 298 299 300 301 302 303 304 305 306 307 308 309 310 311 312 313 314 315 316 317 318 319 320 321 322 323 324 500 459 584 192 694 203 670 811 876 155 105 183 224 541 519 130 238 680 405 736 814 866 154 669 978 159 806 
671 
874 
745 
878 377 669 425 530 250 201 255 154 474 169 216 398 260 
295 
391 
279 
566 
745 
733 742 
301 
300 
304 
661 677 505 245 497 573 577 635 441 437 593 127 768 142 699 484 780 983 457 769 283 404 604 905 947 17 220 367 434 477 542 573 656 113 126 557 162 826 532 175 927 117 426 308 167 359 178 54 577 990 608 618 431 661 530 210 52 78 497 422 117 864 409 944 221 560 530 84 336 222 832 245 154 475 412 283 994 438 34 372 706 768 874 875 876 877 878 879 880 881 882 883 884 885 886 888 889 890 891 892 893 894 895 898 920 5 858 457 479 430 9 136 22 314 568 
305 
162 
162 
731 957 376 234 815 884 114 572 136 773 80 425 426 42 45 781 161 144 214 257 796 15 21 651 743 799 104 735 990 25 928 468 383 976 215 818 878 132 797 546 643 956 414 158 490 253 666 696 823 540 928 802 777 796 360 309 941 413 495 283 489 514 922 743 615 154 594 578 394 949 75 427 914 367 64 86 978 444 383 846 849 210 789 524 10 556 37 824 746 923 136 438 398 531 603 620 995 687 333 768 771 943 93 736 584 459 641 717 299 694 417 757 65 76 518 162 550 638 905 682 635 484 904 728 986 686 849 769 648 840 198 281 245 84 150 492 185 876 40 115 116 120 125 127 129 135 162 304 880 429 680 217 154 726 89 
309 
219 
585 
586 
585 
585 
585 
167 
838 
838 
157 
55 
328 
971 
313 
157 
461 
426 
313 
724 
684 
602 
165 
534 
534 842 690 
891 
891 
358 
548 
548 
340 
665 107 574 336 431 703 825 826 827 828 754 13 27 437 216 404 411 9 12 13 15 17 18 19 21 23 24 26 103 128 129 71 111 781 537 755 360 361 593 322 999 294 933 764 296 362 388 832 78 760 199 936 254 239 752 494 832 783 210 501 174 174 294 837 386 768 795 478 824 932 255 470 476 35 920 685 688 34 803 808 809 810 315 169 322 655 479 854 410 777 3 330 334 704 179 527 869 428 583 234 326 718 728 330 725 
558 
558 
558 
345 408 384 894 255 167 400 788 169 260 927 697 47 
616 657 411 459 950 270 112 501 255 709 400 169 215 260 
324 657 377 310 459 588 141 272 467 255 208 904 169 216 260 113 371 154 336 
347 
545 
891 
891 
893 
893 
891 
346 
849 
769 
134 
140 
391 
73 
161 
323 762 324 280 922 490 173 170 732 372 511 213 704 34 735 742 796 649 296 176 181 182 191 306 826 887 932 477 626 402 549 849 535 440 18 163 476 89 959 151 913 682 684 685 125 129 697 93 378 588 623 414 964 128 390 391 933 937 731 195 5 123 720 348 783 486 81 892 424 431 314 133 832 124 182 706 127 497 573 189 167 169 716 201 302 613 700 563 742 743 744 746 956 957 958 32 574 748 556 576 535 243 896 532 49 426 451 183 118 334 527 725 788 682 167 255 328 406 290 61 316 985 636 421 429 973 169 216 301 979 517 397 422 462 265 854 960 460 20 410 205 55 226 65 273 679 684 750 804 808 811 815 349 156 283 733 330 436 129 79 35 38 353 441 446 966 59 154 528 961 826 836 594 532 196 972 981 982 
363 
994 
53 616 94 386 173 672 751 540 17 976 699 861 641 903 255 682 169 667 782 827 605 811 965 589 
304 
823 
477 
193 
983 
757 
751 
375 768 823 584 113 901 902 322 344 830 827 515 982 315 767 40 12 824 463 288 526 757 521 620 616 185 208 806 520 594 440 713 785 583 574 532 767 691 904 985 202 205 390 391 660 940 665 628 341 822 825 983 262 419 475 703 817 878 881 902 401 335 485 93 102 941 370 68 251 253 835 718 680 364 867 18 926 966 893 997 338 231 468 489 647 159 124 255 434 69 934 940 502 614 190 354 860 735 217 148 300 371 890 939 323 344 347 363 365 954 47 288 292 516 527 548 565 877 912 124 169 216 80 405 440 400 855 49 371 511 158 777 176 725 854 331 86 57 410 928 993 979 373 822 741 585 35 330 373 367 218 995 784 890 197 172 235 74 94 90 92 799 281 964 974 305 289 429 804 341 718 991 386 166 167 793 797 798 111 322 196 
374 
780 
556 
864 120 823 826 259 217 689 418 271 825 951 89 866 834 213 834 584 532 947 398 144 839 938 38 984 18 553 755 100 593 154 502 395 455 
968 
553 
931 
33 
345 
968 
501 
23 
23 
23 
23 
23 
790 
834 
967 
233 218 902 459 157 89 970 430 431 531 11 313 750 351 559 162 816 287 765 799 166 854 505 143 863 318 454 26 24 136 207 581 293 28 975 383 10 535 142 43 737 285 60 323 184 378 796 438 152 230 233 104 47 930 231 192 832 279 980 170 944 714 359 436 438 439 440 442 305 180 662 189 196 221 700 796 801 759 482 751 38 617 846 883 605 134 255 363 689 333 266 307 837 276 794 537 154 490 956 724 651 785 
1 
397 
397 
584 377 963 899 277 1 296 56 736 466 903 937 263 368 23 202 483 413 37 990 255 117 897 782 169 216 462 71 321 507 266 277 260 250 59 919 
727 
182 291 826 541 454 174 74 169 854 
966 
256 146 495 978 118 189 277 533 341 722 890 362 295 888 395 16 505 739 553 107 264 255 986 154 
602 532 882 567 60 1 555 950 71 414 253 758 255 855 236 286 169 151 239 982 226 410 755 570 446 872 583 154 282 
117 
262 
262 
589 
482 
482 
72 
298 
412 
102 376 823 924 292 449 11 356 606 626 574 505 384 65 694 727 69 229 976 957 216 924 854 410 541 211 423 854 866 154 
968 970 977 983 985 176 377 922 179 425 136 609 408 235 842 845 400 910 442 445 939 136 304 75 618 493 437 770 162 123 663 610 730 731 734 266 219 549 628 242 245 921 922 151 955 518 479 898 899 901 948 570 937 501 384 789 790 792 945 947 200 841 987 998 644 500 991 242 377 255 406 404 499 448 893 942 994 464 169 216 364 907 199 635 854 674 86 90 463 707 154 924 229 950 770 
254 
568 
218 
135 
135 
451 
830 146 170 34 853 674 794 11 395 977 526 540 929 109 398 225 874 358 58 821 843 284 95 418 448 676 59 941 318 444 169 208 924 379 809 600 55 787 238 929 254 889 941 150 
632 324 424 795 480 255 169 216 854 256 624 447 
213 
72 
72 
107 708 117 106 839 37 364 365 404 884 255 646 264 169 854 228 946 8 525 425 953 699 
250 279 102 488 587 590 592 834 657 848 771 111 29 523 840 365 369 269 294 674 676 892 31 641 462 917 219 665 682 705 250 140 152 153 115 556 41 46 824 42 948 325 432 859 584 329 11 833 854 868 187 870 875 734 737 742 743 255 435 515 643 77 692 696 349 356 613 134 589 125 193 169 216 828 873 516 355 423 311 903 859 792 289 642 461 615 781 154 73 460 762 589 
556 
946 
380 
926 
926 
796 
477 
102 955 574 760 601 81 657 377 470 851 937 510 704 953 332 154 155 911 97 250 743 107 727 954 696 489 491 444 157 866 544 283 803 380 464 769 772 167 868 877 982 483 255 987 82 87 748 933 44 261 169 216 45 900 533 41 150 731 58 320 178 881 828 225 226 406 529 754 109 246 77 950 581 
127 
675 616 402 106 400 483 199 540 279 123 883 955 966 903 919 926 255 292 654 169 216 905 226 815 373 
252 
414 
443 
443 
194 
878 419 821 950 657 377 106 259 769 218 793 803 606 118 58 255 418 169 216 502 393 260 377 59 889 
363 393 615 438 891 234 414 246 277 835 179 430 957 501 717 412 617 201 458 989 157 355 440 786 574 946 839 149 729 59 154 45 
954 
905 
47 
38 
38 
38 
38 
177 939 429 
410 
301 
233 
412 
340 
347 
340 
421 
374 
412 
352 
455 
455 
347 
273 
304 
135 
506 
15 
640 
582 
408 
646 
273 
61 
168 676 399 182 826 10 225 895 966 858 68 896 829 
709 
425 
266 
457 
219 
276 
925 
481 
481 
256 
489 
582 97 170 847 80 82 84 90 91 94 98 829 598 880 998 323 639 731 825 864 960 303 411 750 885 6 5 872 417 41 665 677 263 325 187 371 895 654 479 248 168 838 317 385 871 396 210 242 285 291 328 337 369 954 963 432 636 631 264 671 136 768 388 606 917 982 320 32 48 592 699 606 9 983 539 242 243 370 238 213 650 133 352 933 695 416 389 668 715 736 737 738 
383 501 869 292 784 596 650 852 146 473 475 224 522 619 701 884 419 352 432 847 736 70 936 59 268 
979 
511 
329 
990 21 890 770 270 379 87 283 850 931 757 627 948 55 
516 
69 985 75 121 319 588 215 474 286 48 734 665 287 344 350 
373 
523 
523 
525 
258 
537 
716 
537 
925 
925 
424 
260 
634 
635 
475 
475 
423 
424 
263 
263 
555 
273 
767 
547 
84 
471 
591 
591 
731 
731 
456 
185 
186 
604 
604 
604 
605 
258 
731 
273 
791 
271 
272 
273 
249 
425 
301 
708 
304 
604 
260 
1 
870 
258 
468 
273 
271 
272 
273 
74 
711 
708 
425 
425 
301 
301 
304 
731 
933 
240 
725 739 201 574 584 395 879 307 807 302 995 624 921 922 58 111 127 200 462 719 958 261 911 656 474 519 528 530 650 651 669 63 989 931 657 994 233 428 897 899 902 906 917 922 924 929 961 497 160 145 225 261 284 891 742 70 896 662 588 991 37 898 284 296 301 577 912 530 848 947 335 230 885 976 96 767 931 965 970 163 928 224 715 723 53 145 987 419 570 235 496 359 129 520 108 929 983 945 322 968 
793 
458 
487 
487 
573 
695 827 700 287 753 561 692 52 54 958 868 355 689 739 343 143 440 61 511 733 217 309 492 495 938 836 809 751 41 178 
487 
118 
122 
785 
581 
581 
581 
887 913 595 710 453 620 195 247 852 153 949 588 878 992 854 851 10 596 608 318 531 321 812 813 464 496 467 874 463 183 236 690 281 367 991 
182 
604 
738 
546 
546 
546 
589 883 309 290 375 118 658 107 838 301 764 203 171 417 565 428 433 
173 310 768 545 146 376 150 376 65 955 990 166 936 616 823 195 136 263 412 406 565 574 238 45 329 446 505 13 272 295 927 834 85 377 167 292 908 454 606 538 305 968 417 565 589 449 800 
417 
417 
417 
184 242 960 340 552 310 103 414 614 503 
881 
881 
95 
841 
386 357 774 509 535 239 317 
867 
893 
153 715 393 999 556 54 707 977 931 140 762 801 91 241 852 613 38 217 83 949 105 568 378 33 786 686 806 844 235 960 348 273 355 763 477 901 277 270 443 612 395 63 164 488 818 438 412 582 556 827 330 883 514 875 993 42 76 323 162 472 4 480 690 784 945 646 923 428 317 776 463 779 677 696 746 107 373 945 148 766 881 191 358 297 509 107 656 100 109 609 599 468 720 33 228 720 210 736 380 921 894 143 542 849 856 406 637 704 687 701 366 474 489 760 210 857 14 59 578 840 406 11 
604 
604 
16 458 966 141 98 211 563 955 972 255 929 528 529 550 551 277 364 420 283 985 32 545 273 548 844 479 74 741 263 422 360 404 704 675 418 654 434 194 245 256 286 287 178 925 567 739 862 380 918 651 804 272 169 345 360 927 438 128 139 502 170 989 105 225 589 971 532 24 969 781 234 235 
302 
328 
330 
666 
177 939 429 
302 
302 
883 
793 
741 
884 
884 
884 
885 
713 
733 
733 
886 
76 
456 
50 
891 
578 
578 
973 
600 
600 
317 
332 
770 
471 
83 
25 
44 
491 
765 
281 
281 
765 
404 
383 
527 
332 
530 
601 
573 
847 466 85 177 914 918 668 902 318 
287 
287 
656 
656 
656 657 658 659 660 661 662 663 664 665 990 823 555 796 467 133 134 916 719 136 529 543 863 149 779 331 627 119 562 995 360 995 413 755 165 708 636 350 327 430 904 395 112 349 900 52 160 746 257 683 89 353 270 236 756 825 335 17 912 407 109 520 277 987 961 800 615 3 109 285 269 884 338 132 562 272 858 798 19 139 140 152 326 865 39 124 890 944 876 295 717 312 412 869 94 28 989 527 953 283 337 915 440 790 815 927 352 892 511 681 347 816 410 494 656 99 916 677 896 354 632 643 416 435 494 356 730 750 777 935 523 355 833 529 961 43 959 817 554 103 868 71 141 266 73 198 744 200 949 323 147 894 719 265 191 600 63 141 681 993 723 135 162 441 958 59 540 573 531 568 268 647 923 934 
657 658 659 660 661 662 663 664 665 290 755 165 627 900 756 17 407 388 285 269 768 139 152 136 989 347 300 816 494 677 896 632 416 494 356 730 750 777 651 529 103 242 71 938 993 723 135 808 934 
656 658 659 660 661 662 663 664 665 719 18 755 165 112 900 283 756 17 716 407 718 285 269 768 139 152 39 989 816 658 494 677 896 632 416 494 356 672 730 750 777 529 968 103 71 218 938 75 993 261 723 135 75 934 
656 657 659 660 661 662 663 664 665 394 51 755 165 653 709 900 756 17 407 187 633 961 285 269 298 76 768 139 152 388 989 683 816 494 677 896 632 416 494 356 730 750 777 314 529 499 712 553 103 71 117 938 336 993 723 135 783 545 619 934 
656 657 658 660 661 662 663 664 665 755 165 817 900 639 756 17 407 961 109 285 269 768 139 152 989 381 816 494 677 896 632 416 494 356 730 750 777 529 429 103 41 71 147 938 141 927 993 723 135 934 
656 657 658 659 661 662 663 664 665 734 796 220 310 219 582 18 755 165 631 718 900 756 17 407 221 694 392 578 615 285 269 499 338 68 605 621 768 19 207 139 152 242 593 312 189 989 816 494 981 677 896 632 416 786 494 356 730 750 777 359 529 924 192 355 186 103 71 143 69 938 762 173 154 412 290 993 723 135 710 453 881 492 934 
656 657 658 659 660 662 663 664 665 796 98 764 539 517 755 165 832 927 900 756 17 912 407 809 237 25 251 109 285 269 90 768 702 501 7 19 433 139 152 961 312 989 816 494 677 896 632 416 494 356 730 750 777 529 56 103 516 71 228 938 205 993 723 48 135 934 
656 657 658 659 660 661 663 664 665 610 734 314 240 755 165 649 171 731 900 756 17 912 407 155 251 109 285 269 562 768 19 139 152 989 283 927 644 816 494 734 677 896 632 416 494 197 356 730 750 777 355 529 479 267 618 103 225 71 200 147 938 173 755 806 993 723 135 312 923 934 
656 657 658 659 660 661 662 664 665 755 165 112 900 17 407 285 269 768 139 152 989 816 494 677 896 632 416 494 356 730 750 777 529 103 71 938 993 723 135 934 
656 657 658 659 660 661 662 663 665 755 165 900 825 17 407 285 269 768 139 152 989 816 494 677 896 632 416 494 356 730 750 777 529 103 71 73 938 993 723 135 934 
657 
658 
659 
660 
658 
656 
804 
3 
675 
36 746 28 620 227 207 42 609 957 592 144 753 
676 
770 
322 
322 
932 
464 
940 
922 
594 
386 
386 
847 
261 
479 429 
692 
386 
599 251 375 24 602 563 781 36 958 500 584 25 853 618 640 796 284 310 544 437 200 966 976 348 304 826 752 502 260 751 772 472 663 966 416 830 538 275 268 833 737 403 406 560 107 949 313 671 767 57 809 860 140 128 179 431 757 862 41 152 13 
413 
695 
573 827 700 753 561 692 52 54 958 689 739 343 143 440 61 511 733 217 309 492 495 938 809 751 178 
769 
179 
152 936 498 89 685 699 504 794 387 958 308 558 395 452 339 372 416 443 521 691 973 233 497 278 891 742 975 823 654 800 37 142 606 29 268 384 965 236 201 230 296 965 25 150 163 348 79 817 430 41 945 322 
780 
780 
584 616 273 136 565 701 843 125 717 573 630 70 887 505 109 160 
447 
890 
780 
780 
780 
663 
892 
598 
598 
495 103 348 936 187 332 471 599 958 676 949 42 57 196 284 286 307 839 478 521 661 656 44 207 4 472 619 711 874 468 744 159 820 602 132 161 107 826 388 997 201 864 557 911 635 636 637 639 640 641 643 859 894 910 285 161 318 372 658 871 580 232 179 188 20 30 9 
311 990 556 124 958 437 497 270 774 891 742 95 535 76 720 848 644 116 230 86 931 965 25 163 473 972 914 11 13 945 104 322 
939 429 
614 
615 
19 
757 958 288 115 775 406 431 209 135 296 27 
756 195 819 58 773 983 33 958 257 786 861 382 446 499 523 651 718 535 376 497 773 891 742 584 604 37 569 8 925 848 631 230 733 931 965 25 163 550 808 41 945 45 101 322 764 
438 
721 591 949 652 454 586 390 786 955 811 728 734 698 422 752 993 912 781 555 822 812 8 
721 642 652 267 268 716 728 734 382 383 384 951 422 423 432 379 880 912 676 756 83 606 
544 
724 
505 234 955 541 579 934 515 843 958 900 442 380 673 299 813 310 151 811 964 743 940 74 232 277 455 647 264 973 25 511 595 171 234 68 624 552 246 533 173 681 894 77 310 855 201 891 655 365 537 655 850 182 836 430 191 282 696 627 851 657 208 255 472 508 239 896 554 380 351 142 172 175 916 398 93 721 693 687 695 195 831 
739 879 307 807 302 995 624 922 111 127 200 462 958 656 474 519 528 530 650 651 669 63 989 931 657 897 899 902 906 922 924 929 961 497 160 145 225 261 891 742 588 991 898 284 296 301 577 912 530 848 335 230 976 931 965 25 163 928 224 715 723 145 987 419 570 496 359 129 108 929 983 945 322 
177 479 429 
177 939 429 
64 
196 
947 
594 669 693 32 573 680 802 852 958 981 553 495 901 264 891 397 403 217 963 536 538 397 445 827 959 762 624 296 69 921 471 736 106 188 478 484 723 741 752 151 657 26 55 355 622 278 583 178 807 
732 
731 
184 
831 178 394 799 175 599 24 772 82 386 252 499 100 732 884 992 167 781 123 503 829 924 737 810 971 209 338 565 717 464 
49 
49 
970 764 378 749 890 238 831 205 
725 166 879 307 807 302 995 624 922 111 127 200 462 214 958 607 656 474 519 528 530 650 651 669 115 63 989 252 931 657 897 899 902 906 922 924 929 961 497 160 278 145 225 261 349 891 742 697 867 588 991 37 898 284 296 301 577 912 530 848 335 230 976 931 965 25 163 928 224 715 723 145 987 419 570 496 359 129 108 929 983 945 322 
847 
848 
350 
550 
443 
825 31 797 652 908 104 267 716 957 980 447 789 628 382 383 384 438 951 390 434 184 71 213 379 766 126 806 609 427 842 880 161 197 356 497 781 423 845 925 109 606 937 
958 
761 
177 891 479 429 
42 
752 
205 
753 162 958 772 778 673 427 177 891 736 757 902 318 333 
753 520 315 656 149 162 958 276 395 787 673 878 315 549 469 757 
63 
852 106 472 4 
718 498 195 202 914 814 819 58 773 845 983 33 462 398 558 36 78 958 257 786 309 549 796 841 861 980 872 382 446 499 523 651 718 698 556 878 535 902 947 376 497 149 277 774 930 781 891 742 584 604 654 1000 588 535 669 569 8 384 13 925 658 720 848 824 172 631 810 230 777 733 988 656 577 965 25 106 161 162 163 165 12 550 53 853 430 757 666 745 808 969 41 146 945 45 101 980 322 28 764 
751 
781 
728 
435 
847 
848 
27 
27 
806 224 444 696 36 592 598 607 834 840 848 170 803 883 887 939 757 745 433 594 323 850 547 355 357 364 541 880 37 239 548 659 519 578 518 923 983 132 162 172 315 567 759 21 306 621 667 730 648 96 434 901 132 211 219 27 858 60 60 525 897 983 809 856 945 973 393 473 343 854 811 831 550 914 200 223 290 296 560 585 28 171 2 930 877 886 891 193 468 495 496 498 600 601 605 571 765 766 767 354 227 786 610 29 416 417 418 710 711 712 147 977 588 785 23 535 551 680 54 424 373 376 411 459 762 894 302 395 834 425 479 526 320 830 889 269 488 516 648 574 166 528 866 873 875 889 546 585 789 781 806 134 90 100 646 918 120 148 10 329 579 632 831 915 638 313 189 629 984 400 562 620 599 841 973 255 403 130 364 728 235 90 492 867 469 638 830 907 681 927 714 715 452 765 611 967 322 405 187 708 930 271 304 580 417 512 825 849 743 434 184 959 320 313 641 595 607 193 271 370 559 69 650 894 755 848 897 976 89 93 172 496 504 944 951 998 10 57 269 678 804 971 132 162 172 243 286 366 680 691 695 697 718 721 737 765 812 929 972 9 42 78 84 103 104 535 609 647 400 508 878 374 437 67 78 255 256 258 889 890 891 963 323 64 65 72 78 751 844 845 846 918 922 923 700 260 957 958 959 337 917 77 787 789 447 984 646 821 165 167 170 171 195 261 479 665 186 250 84 820 860 259 861 274 967 971 561 478 21 649 852 939 2 618 636 692 794 986 603 962 552 190 237 93 749 17 584 681 902 30 420 55 850 677 517 336 212 230 231 326 688 782 740 744 801 657 955 168 566 343 264 883 389 394 876 232 336 378 222 237 288 751 826 152 976 183 348 603 134 881 94 765 504 139 695 721 766 261 251 605 478 500 733 93 936 399 606 316 906 925 978 27 720 254 303 666 780 864 924 483 594 660 436 219 262 147 747 753 117 448 427 430 348 349 351 960 156 399 309 505 777 633 635 286 289 298 143 370 529 837 840 883 896 589 678 749 753 548 22 355 408 548 692 639 706 353 
792 
327 
326 
671 
545 
250 
29 377 540 199 936 583 567 568 571 573 574 847 154 255 61 416 169 239 55 755 397 376 482 273 202 928 130 
482 
77 
824 
645 129 407 798 346 484 759 847 981 328 679 880 858 949 678 459 321 285 588 999 789 748 600 630 556 
707 
197 
543 
638 
877 
604 
784 
657 377 375 545 170 170 255 428 169 260 
955 657 813 498 233 682 571 169 901 383 789 260 
580 
757 
545 
69 
877 
152 
202 
655 
270 
74 
549 
873 
79 
172 
647 
545 336 996 188 412 306 990 188 368 484 518 794 734 219 937 599 255 394 65 216 460 854 827 410 901 592 839 804 
649 
543 
727 
107 584 616 708 358 136 34 451 653 249 209 667 219 563 926 654 890 932 305 554 516 74 213 214 936 854 952 841 795 923 310 264 8 838 259 734 724 937 255 406 34 589 96 289 752 887 892 107 981 982 3 23 282 298 400 413 426 601 169 301 854 454 410 32 770 52 128 130 171 916 537 
765 224 444 696 36 592 598 607 834 840 848 170 803 883 887 939 757 745 433 594 323 850 547 355 357 364 541 880 37 239 548 659 519 578 518 923 983 132 162 172 315 567 759 21 306 621 667 730 648 96 434 901 132 211 219 27 858 60 60 525 897 983 809 856 945 973 393 473 343 854 811 831 550 914 200 223 290 296 560 585 28 171 2 930 877 886 891 193 468 495 496 498 600 601 605 571 765 766 767 354 227 786 610 29 416 417 418 710 711 712 147 977 588 785 23 535 551 680 54 424 373 376 411 459 762 894 302 395 834 425 479 526 320 830 889 269 488 516 648 574 166 528 866 873 875 889 546 585 789 781 806 134 90 100 646 918 120 148 10 329 579 632 831 915 638 313 189 629 984 400 562 620 599 841 973 255 403 130 364 728 235 90 492 867 469 638 830 907 681 927 714 715 452 764 611 967 322 405 187 708 930 271 304 580 417 512 825 849 743 434 184 959 320 313 641 595 607 193 271 370 559 69 650 894 755 848 897 976 89 93 172 496 504 944 951 998 10 57 269 678 804 971 132 162 172 243 286 366 680 691 695 697 718 721 737 765 812 929 972 9 42 78 84 103 104 535 609 647 400 508 878 374 437 67 78 255 256 258 889 890 891 963 323 64 65 72 78 751 844 845 846 918 922 923 700 260 957 958 959 337 917 77 787 789 447 984 646 821 165 167 170 171 195 261 479 665 186 250 84 820 860 259 861 274 967 971 561 478 21 649 852 939 2 618 636 692 794 986 603 962 552 190 237 93 749 17 584 681 902 30 420 55 850 677 517 336 212 230 231 326 688 782 740 744 801 657 955 168 566 343 264 883 389 394 876 232 336 378 222 237 288 751 826 152 976 183 348 603 134 881 94 764 504 139 695 721 766 261 251 605 478 500 733 93 936 399 606 316 906 925 978 27 720 254 303 666 780 864 924 483 594 660 436 219 262 147 747 753 117 448 427 430 348 349 351 960 156 399 309 505 777 633 635 286 289 298 143 370 529 837 840 883 896 589 678 749 753 548 22 355 408 548 692 639 706 353 
500 
734 
82 
487 
395 
482 
132 
118 
206 
414 
196 
819 
446 730 510 165 848 80 104 155 156 237 530 650 441 579 714 548 850 750 347 396 244 44 757 897 984 854 666 208 599 602 169 166 840 581 980 1000 762 692 773 843 219 701 876 550 456 264 529 122 963 552 813 815 402 663 273 295 93 774 880 647 424 64 279 118 619 455 631 902 517 601 466 935 124 225 137 716 326 151 411 412 702 201 330 222 582 747 771 479 447 396 911 950 409 217 376 95 136 272 81 762 811 815 833 894 932 370 962 324 900 500 750 809 534 28 531 991 365 73 779 
75 
162 
171 
226 
323 
477 228 389 565 449 
793 
295 
967 
127 
127 
735 394 175 983 891 776 861 519 466 924 833 565 717 449 700 
832 982 176 233 907 752 565 
75 
836 
836 
838 840 417 584 823 898 936 175 651 809 100 103 52 881 177 121 40 846 891 566 972 985 386 864 62 86 825 991 635 937 822 166 927 7 935 55 788 338 575 270 679 311 508 550 302 200 495 907 931 668 74 67 83 84 928 68 320 119 73 949 886 408 703 308 998 93 750 306 843 639 789 410 902 359 863 154 470 188 199 10 297 558 627 968 976 29 48 200 219 224 335 856 889 881 
838 
836 840 417 584 823 898 936 175 651 809 100 103 52 177 70 121 40 846 891 566 972 985 475 386 864 62 86 825 991 937 822 166 927 7 935 936 55 680 788 338 575 270 679 311 550 302 200 495 907 931 668 74 67 83 84 928 68 320 119 73 949 886 408 703 308 998 750 306 843 639 789 690 410 902 359 863 154 470 188 199 10 297 558 627 968 976 29 48 200 219 224 335 856 881 
840 
836 838 417 584 823 898 936 175 651 809 100 103 52 932 177 70 89 40 846 891 566 972 985 475 386 864 62 86 825 991 937 822 166 927 7 935 936 55 680 788 338 575 431 270 679 311 550 302 200 495 907 931 668 74 67 83 84 928 68 320 119 73 949 886 408 703 308 998 93 750 306 843 639 789 690 410 902 359 863 154 470 188 199 10 297 558 627 840 968 976 29 48 200 219 224 335 856 881 
138 
936 154 692 592 713 619 171 766 255 216 260 991 
93 
996 
626 
592 
556 
134 
140 
140 
947 
853 314 780 523 971 277 493 53 380 777 796 716 154 
853 661 523 431 277 728 923 885 713 716 154 
310 602 495 585 933 80 379 883 
878 
409 
81 
365 
742 
917 
711 
708 823 111 529 326 703 939 21 950 501 983 775 72 520 794 438 513 907 513 801 486 655 772 17 210 31 870 943 680 987 833 70 594 56 229 234 982 900 876 218 78 325 136 798 256 727 133 594 698 59 280 
494 
631 
827 
168 
351 277 403 767 773 158 725 154 
988 
529 
603 104 622 359 587 355 597 
9 
444 
285 839 37 292 951 
902 
917 
61 
284 
307 
938 
938 
962 823 270 770 660 277 590 767 146 150 295 75 215 216 217 218 219 220 221 222 223 224 225 226 227 228 229 230 231 232 233 234 235 236 237 238 239 240 241 242 243 244 245 246 247 248 249 250 251 252 253 254 255 256 257 258 259 260 261 262 263 264 265 266 267 268 269 270 271 272 273 274 275 276 277 278 279 280 281 282 283 284 285 286 287 288 289 290 291 292 293 294 295 296 297 298 299 300 301 302 303 304 305 306 307 308 309 310 311 312 313 314 315 316 317 318 319 320 321 322 323 324 500 550 491 413 154 809 
639 
588 853 930 935 752 203 288 171 565 428 
474 
65 565 521 505 187 292 522 645 417 565 
887 
580 453 275 949 137 878 966 273 596 291 411 432 813 780 474 667 110 900 146 998 709 383 236 350 990 991 286 474 84 
157 
157 
580 887 913 88 623 949 274 881 498 976 273 596 432 146 752 474 
812 962 254 277 601 70 71 295 556 215 216 217 218 219 220 221 222 223 224 225 226 227 228 229 230 231 232 233 234 235 236 237 238 239 240 241 242 243 244 245 246 247 248 249 250 251 252 253 254 255 256 257 258 259 260 261 262 263 264 265 266 267 268 269 270 271 272 273 274 275 276 277 278 279 280 281 282 283 284 285 286 287 288 289 290 291 292 293 294 295 296 297 298 299 300 301 302 303 304 305 306 307 308 309 310 311 312 313 314 315 316 317 318 319 320 321 322 323 324 500 871 734 413 655 154 809 
802 
327 
327 
901 
901 
901 
901 
229 
249 
249 
391 484 902 529 442 327 587 906 411 669 287 319 667 163 792 537 539 571 252 
301 
301 
391 
598 
778 
112 
181 
671 506 174 
775 
913 
580 949 137 878 498 966 273 596 411 432 681 667 259 473 146 236 811 757 474 9 
616 
468 
514 766 396 319 125 315 454 19 624 59 320 978 637 393 301 
90 
62 
970 
904 
38 
596 
963 
308 
177 
601 725 805 162 891 409 649 788 564 48 625 201 232 107 112 903 81 
389 
389 
760 
203 530 128 
879 
86 
212 953 891 209 104 674 685 793 383 548 580 876 417 424 486 475 997 491 547 712 729 301 404 418 474 938 981 79 377 628 479 371 290 
70 
353 
512 
651 
432 
485 
689 
945 
945 
154 
631 
805 86 376 234 574 602 599 325 688 533 702 884 503 590 311 205 26 993 61 755 366 
113 
959 
1 545 146 376 562 466 605 741 589 442 526 95 988 893 140 36 304 242 980 913 662 
949 
936 797 78 377 400 13 989 255 641 561 656 172 358 266 369 948 951 219 406 603 232 679 955 338 765 819 945 199 126 248 268 232 255 774 318 169 216 863 982 238 416 759 38 136 878 386 492 154 903 
951 
565 
746 818 268 655 665 508 182 476 645 
417 
907 
961 
961 
377 186 255 310 882 883 893 169 216 104 111 260 
102 505 506 657 411 377 751 455 865 734 556 255 476 169 854 359 391 918 260 285 154 210 
961 
962 224 955 878 990 166 324 936 616 708 119 805 323 790 607 134 1 54 287 961 509 8 806 826 836 976 149 951 135 299 146 829 746 114 629 66 187 913 854 212 224 667 682 450 456 513 604 504 936 943 528 603 855 262 726 569 972 623 231 456 944 55 894 357 745 802 803 24 660 172 442 93 841 876 58 72 598 188 829 876 307 37 392 425 528 713 812 523 41 192 999 424 448 581 95 66 185 745 471 255 830 180 540 740 814 378 513 404 335 712 715 49 233 275 923 540 642 823 839 924 355 254 118 267 142 254 400 318 553 571 751 169 520 535 659 192 794 857 58 76 119 313 375 983 657 492 517 698 908 316 242 349 494 506 545 756 532 635 768 208 724 137 138 625 457 511 583 428 915 475 832 641 616 
962 224 955 990 166 584 170 649 136 806 826 146 162 829 66 272 277 128 884 943 528 603 855 726 456 436 894 356 357 803 24 904 442 93 841 58 188 876 37 523 424 448 458 471 66 830 180 521 34 89 712 715 49 87 923 142 254 301 494 137 138 625 238 68 441 272 59 154 
967 800 601 618 879 19 464 534 538 799 800 900 26 943 17 40 56 57 58 484 136 137 612 769 553 627 88 870 747 432 331 
799 
799 
316 
963 224 601 879 464 534 538 800 900 26 943 17 40 56 57 58 484 136 137 53 769 553 88 870 747 432 331 
331 
331 
293 584 616 708 176 910 689 499 728 808 338 683 376 377 111 60 81 100 136 825 554 331 842 413 102 345 427 740 162 542 346 95 938 998 381 544 889 212 443 470 4 493 900 987 354 356 122 927 941 884 458 175 773 651 119 259 790 675 19 457 496 702 901 726 920 460 990 499 71 502 476 67 450 82 351 11 378 152 466 660 844 871 458 851 780 959 621 131 153 387 392 854 224 884 236 937 15 800 433 436 367 203 798 855 179 557 901 657 733 701 927 697 200 754 892 83 41 154 63 75 795 396 
971 808 427 998 773 303 351 83 
965 881 269 329 251 549 469 800 341 630 169 282 406 231 214 472 217 218 510 155 138 924 583 188 
525 165 277 341 17 165 295 571 138 165 573 829 154 809 955 
990 341 433 898 429 567 219 519 247 204 169 476 70 521 743 
950 
572 
295 
295 
793 132 141 
980 
342 
823 953 937 466 664 816 774 23 93 81 574 274 89 535 231 521 222 171 350 505 
984 
256 665 377 683 813 544 364 948 715 921 225 511 1 174 80 70 304 291 5 255 438 429 432 438 400 746 553 169 216 138 789 260 690 
810 
810 
757 
708 720 187 353 33 399 784 520 441 796 83 448 255 693 466 318 169 550 172 173 714 59 214 
936 
327 890 467 584 616 931 60 826 343 924 170 624 166 587 958 670 477 116 937 492 177 238 513 505 873 762 825 393 42 245 302 138 919 896 290 925 255 913 279 885 666 400 556 600 815 854 624 337 920 456 473 83 441 
804 702 277 484 80 913 946 264 
868 708 100 965 392 813 825 122 213 366 461 828 479 520 810 101 47 733 550 118 745 204 213 922 850 526 866 96 
423 
19 
221 
221 
929 
553 
127 
449 
504 
